105716505653822046
105717320443062138
105719057609635016
105722175952234470
105722677839565133
105722694753095277
105722694721130319
105722719021881992
105722784456894503
105722784423367136
105722784326193338
105723023162550224
105727192486103724
105727059548493876
105727596148829803
105727463109505261
105729026593454441
105729336634151895
105729680100986482
105729748081492662
105730326013626633
105731821624951616
105734491116042951
105735382151504435
105740703313062640
105740580279980680
105742463025314916
105745853874135242
105746130246396215
105746047068467099
105748982649019571
105749889567964501
105749863727092114
105751745796254993
105752130476672696
105757052193704109
105756680955722886
105757204703571338
105758088990566250
105760650255483840
105760627378663341
105761349853705678
105761388081809391
105761368886288996
105761561927076911
105761446240053786
105761843991875168
105761831393365071
105761886813538330
105761879564380123
105761873077832853
105761920501375330
105761930083292285
105762091399378912
105762138127857466
105762150509937550
105762165329377923
105762163197878630
105762236401099930
105762292102305636
105762292064726534
105762291975133037
105763106447034259
105766321254444945
105767405411294704
105767999294571239
105767862896746543
105768773907301624
105768583508927633
105768836701674012
105769518466289614
105769280876190704
105774357103141356
105774180074985895
105774957755797678
105775400106106894
105777441077950939
105777898695041956
105778409345198139
105778652826898216
105779579013807375
105779452851554896
105779881872726885
105779852146582752
105780198811614383
105780124927923587
105780679554456148
105780660613897397
105781406919873197
105783153776913439
105783140448689522
105785569208999144
105785427546709701
105785889386635015
105786585782808396
105786565069589412
105786557943573428
105786552284250150
105786352212188027
105786811692302997
105786672900913562
105792319274655643
105791987389387430
105792728498829455
105794592613920484
105795154460143563
105800501659572200
105801219913366252
105801871571550014
105801871540744326
105801871456929077
105802730058323965
105813188950757711
105815028165295313
105816785489602633
105817577067316824
105817400671761477
105818079726222593
105819927602657618
105819913662458306
105821270702662490
105821251081836839
105823847745109973
105824431453259560
105824395142674394
105825199888887594
105825123741675413
105825106609541406
105830507092378572
105831041220570045
105834384300960777
105835312125300361
105835985799890309
105835961985496461
105836742277204899
105836657785312329
105840472165253180
105841116974086393
105841283780496721
105841276786294248
105841265893487720
105841261724211236
105841301343211611
105841427921745612
105841741588682350
105841838584223739
105841793813587123
105842060851868180
105842299645831729
105842891343252332
105842955184666000
